
1 0
2 172
3 446
4 858
5 1421
6 2156
7 3088
8 4238
9 5634
10 7301
11 9269
12 11569
13 14231
14 17292
15 20786
16 24754
17 29234
18 34274
19 39915
20 46211
21 53211
22 60970
23 69548
24 79007
25 89411
26 100833
27 113344
28 127022
29 141952
30 158220
31 175920
32 195155
33 216021
34 238637
35 263117
36 289586
37 318175
38 349025
39 382283
40 418105
41 456660
42 498118
43 542672
44 590511
45 641852
46 696907
47 755915
48 819123
49 886790
50 959194
51 1030800
52 1106989
53 1187886
54 1273617
55 1364306
56 1460078
57 1561060
58 1667374
59 1779146
60 1896502
61 2019566
62 2148464
63 2283320
64 2424258
65 2571406
66 2724887
67 2884826
68 3051348
69 3224579
70 3404643
71 3591665
72 3785771
73 3987086
74 4195733
75 4411839
76 4635528
77 4866926
78 5106156
79 5353346
80 5608618
81 5872099
82 6143912
83 6424185
84 6713041
85 7010605
86 7317002
87 7632359
88 7956797
89 8290445
90 8633426
91 8985865
92 9299999
93 9399999
94 9499999
95 9599999
96 9699999
97 9799999
98 9899999
99 9999999
