
1 木铜铃 1 1
2 屍兵符印 1 5
3 秘忍卷轴 1 5
4 将军印盒 1 5
5 刀车兵符 1 8
6 链球兵符 1 8
7 剑兵兵符 1 8
8 木槌兵符 1 8
9 水兵兵符 1 8
10 匈奴号角 1 5
11 黄巾兵符 1 5
12 投石兵符 1 10
13 弩车兵符 1 8
14 兽兵兵符 1 1
15 近卫兵兵符 1 1
16 藤甲兵兵符 1 1
17 斧骑兵兵符 1 1
18 强弩兵兵符 1 1
19 长枪兵兵符 1 1
20 长弓兵兵符 1 1
21 重步兵兵符 1 1
22 箭矢阵法书 1 5
23 天地阵法书 1 10
24 翔鹰阵法书 1 10
25 雁形阵法书 1 10
26 锥形阵法书 1 10
27 钩形阵法书 1 5
28 圆形阵法书 1 5
29 方形阵法书 1 1
30 珠宝 1 10
31 黄金 1 8
32 美女 1 5
33 玉器 1 3
34 绸缎 1 2
35 布匹 1 1
36 灵山妙药 1 25
37 九牛二虎丸 1 25
38 雪山灵芝 1 20
39 灵芝 1 15
40 长白人参 1 20
41 人参 1 15
42 干将莫邪 2 40
43 草薙 2 30
44 冰凰炎凤 2 34
45 仁义无双 2 32
46 寒铁双股剑 2 30
47 巨阙剑 2 28
48 魑魅魍魉 2 28
49 逆天剑 2 28
50 倚天剑 2 27
51 虎牙剑 2 26
52 皇天怒 2 25
53 飞星 2 24
54 流采 2 24
55 华铤 2 24
56 不知火 2 24
57 七星刀 2 23
58 方土 2 23
59 东极 2 23
60 破山剑 2 22
61 青釭剑 2 22
62 白虹 2 22
63 紫电 2 22
64 辟邪 2 22
65 流星 2 22
66 青冥 2 22
67 百里 2 22
68 村正 2 21
69 古锭刀 2 21
70 流光 2 20
71 双股剑 2 18
72 太一 2 17
73 凄然 2 17
74 倭刀 2 15
75 风云斩 2 15
76 龙渊剑 2 15
77 龟纹 2 15
78 火精 2 15
79 弧月刀 2 13
80 连环刀 2 11
81 蛮刀 2 11
82 思召 2 10
83 苗刀 2 9
84 宽刃剑 2 9
85 吴钩 2 6
86 短刀 2 5
87 桃木剑 2 4
88 青铜剑 2 4
89 朴刀 2 1
90 直剑 2 1
91 真火朱雀扇 2 29
92 朱雀扇 2 27
93 玄冥法扇 2 25
94 金羽扇 2 23
95 驭风剑翎扇 2 21
96 火焰扇 2 20
97 天罡劈水扇 2 20
98 彩霓扇 2 18
99 孔雀扇 2 17
100 鹏羽扇 2 16
101 黯羽扇 2 16
102 鹤羽扇 2 15
103 蝉翼扇 2 14
104 苍羽扇 2 12
105 青羽扇 2 12
106 钢刃扇 2 10
107 铁骨折扇 2 8
108 白绢折扇 2 8
109 青竹扇 2 5
110 白羽扇 2 3
111 翔龙偃月刀 2 30
112 青龙偃月刀 2 29
113 雷公鞭 2 28
114 虎贲大刀 2 28
115 日月双锤 2 27
116 鳌头两刃斧 2 27
117 战国大刀 2 26
118 春秋大刀 2 26
119 混沌双斧 2 24
120 天罡斧 2 24
121 混沌开天刀 2 23
122 三环大刀 2 23
123 波母 2 23
124 南极 2 23
125 编驹 2 23
126 西域镰刀 2 22
127 铁蒺藜骨朵 2 22
128 车轮斧 2 22
129 玄铁碎棍 2 22
130 鬼头大刀 2 21
131 枣阳鎚 2 21
132 云月刀 2 20
133 两刃斧 2 20
134 鬼刃刀 2 20
135 金瓜锤 2 20
136 二郎刀 2 18
137 三尖刀 2 18
138 破阵刀 2 17
139 双手斧 2 17
140 双铁钩 2 15
141 掉刀 2 15
142 青铜鞭 2 13
143 狼牙棒 2 13
144 掩月刀 2 11
145 月牙铲 2 11
146 斩马刀 2 10
147 凤绫鎚 2 8
148 象鼻刀 2 8
149 流星鎚 2 8
150 钩镰刀 2 6
151 凤嘴刀 2 6
152 碎鎚 2 4
153 大斧 2 4
154 屈刀 2 2
155 眉尖刀 2 2
156 铜长刀 2 1
157 神鬼方天戟 2 38
158 方天画戟 2 30
159 万胜丈八矛 2 35
160 丈八蛇矛 2 29
161 九天龙魂贯 2 30
162 龙胆枪 2 29
163 霸王凤凰枪 2 30
164 凤凰枪 2 29
165 虎贲方天戟 2 27
166 神龙戈 2 26
167 破军蒺藜枪 2 25
168 青天钩镰枪 2 25
169 西极 2 23
170 不周 2 23
171 龙髓枪 2 23
172 应龙戟 2 22
173 紫龙戟 2 22
174 斩马钩镰枪 2 21
175 焰火尖枪 2 21
176 拐刃蒺藜枪 2 20
177 双刃月牙戟 2 20
178 龙角叉 2 19
179 铁脊蛇矛 2 18
180 蛇矛 2 18
181 凤钺戟 2 17
182 长铩 2 16
183 铁钺戟 2 16
184 白玉戟 2 15
185 十字枪 2 15
186 斧刃枪 2 13
187 钩鎌枪 2 13
188 九凤钂 2 11
189 拐突枪 2 11
190 梨花枪 2 10
191 透甲枪 2 10
192 月牙戟 2 9
193 雁翎枪 2 9
194 龙刀枪 2 7
195 九曲戟 2 7
196 双叉矛 2 6
197 三叉戟 2 6
198 两刃叉 2 4
199 红樱枪 2 4
200 马叉 2 3
201 尖枪 2 3
202 铜殳 2 2
203 钢矛 2 2
204 短锥枪 2 1
205 万里起云烟 2 27
206 机铁连环弓 2 25
207 北极 2 23
208 追魂弓 2 21
209 爆炎弓 2 19
210 神鸢弓 2 18
211 百里弓 2 17
212 破甲弓 2 15
213 克敌弓 2 14
214 迅雷弓 2 12
215 白金弓 2 11
216 神臂弓 2 10
217 白桦弓 2 9
218 破邪弓 2 8
219 钢弓 2 7
220 穿云弓 2 5
221 檀弓 2 4
222 长弓 2 3
223 短弓 2 1
224 UJ大鸡腿 2 20
225 幼麒麟 3 70
226 黑麒麟 3 45
227 火麒麟 3 40
228 白玉麒麟 3 30
229 天马 3 30
230 龙马 3 30
231 四不像 3 30
232 穷奇 3 30
233 飞鎌 3 30
234 追风白凰 3 30
235 紫金赤兔马 3 30
236 赤兔马 3 29
237 卷毛赤兔马 3 28
239 爪黄飞电 3 28
240 骷髅马 3 28
241 钢甲战马 3 27
242 冲角巨牛 3 27
243 松风 3 26
244 重甲黑豹 3 26
245 重甲战虎 3 26
246 燎原火 3 25
247 冲城巨象 3 25
248 的卢 3 25
249 印度白象 3 24
250 藤甲巨象 3 24
251 印度神象 3 22
252 藤甲战牛 3 22
253 青牛 3 20
255 铁甲战马 3 20
256 铁骑马 3 19
257 黑豹 3 19
258 战虎 3 19
259 紫騂 3 18
260 汗血马 3 18
261 云鬃马 3 16
262 大宛马 3 14
263 白鹤 3 12
264 白石 3 10
265 沙里飞 3 10
266 惊帆 3 9
267 骆驼 3 8
268 赤毛牛 3 8
269 南蛮象 3 8
270 黑鬃马 3 5
271 褐鬃马 3 2
272 黄鬃马 3 1
273 云01 3 1
274 云02 3 1
275 云03 3 1
276 轻骑兵马 3 1
277 重骑兵马 3 1
278 猛兽兵 3 1
279 象兵 3 1
280 匈奴兵 3 1
281 铁骑兵 3 1
282 战车马 3 1
283 小黄鬃马 3 1
284 骷髅马 3 1
285 西蜀地形图 4 10
286 幻世录II 4 50
287 幻世录 4 40
288 兵书24篇 4 20
289 孟德新书 4 15
290 史记 4 10
291 春秋左传 4 5
292 赤焰术诀 4 5
293 赤焰秘法书 4 10
294 连弩兵法 4 5
295 连弩秘诀书 4 10
296 火箭兵法 4 8
297 火箭秘诀书 4 16
298 龙炮兵法 4 15
299 龙炮秘诀书 4 20
300 炬石兵法 4 15
301 炬石秘诀书 4 20
302 火轮兵法 4 12
303 火轮秘诀书 4 16
304 滚石兵法 4 12
305 滚石秘诀书 4 16
306 地泉术诀 4 8
307 地泉秘法书 4 13
308 地茅兵法 4 8
309 地茅秘诀书 4 13
310 突石术诀 4 10
311 突石秘法书 4 15
312 火药袋 4 25
313 火药桶 4 28
314 烈火符 4 15
315 爆炎符 4 20
316 太极印 4 10
317 太极符印 4 15
318 八卦术诀 4 22
319 八卦秘法书 4 25
320 雷击术诀 4 15
321 雷击秘法书 4 25
322 五雷术诀 4 15
323 狂雷秘法书 4 20
324 伏兵兵法 4 12
325 伏兵秘诀书 4 18
326 後伏兵法 4 12
327 後伏秘诀书 4 18
328 轒轀兵法 4 30
329 轒轀秘诀书 4 35
330 旋灯术诀 4 30
331 旋灯秘法书 4 34
332 莲华术诀 4 20
333 莲华秘法书 4 30
334 旋风术诀 4 15
335 龙卷秘法书 4 20
336 突击战鼓 4 10
337 背水战鼓 4 15
338 火牛兵法 4 10
339 火牛秘诀书 4 15
340 冲车 4 25
341 攻城战车 4 29
342 召鬼石 4 24
343 唤魂法珠 4 28
344 炎兽像 4 27
345 喷火龙车 4 31
346 驱豹兵法 4 10
347 驱豹秘诀书 4 15
348 神鸢兵法 4 20
349 神鸢秘诀书 4 28
350 井阑 4 24
351 攻城塔 4 32
352 时空宝珠 4 35
353 黄泉玉 4 29
354 冥府宝珠 4 34
355 命疗石 4 20
356 活疗宝珠 4 25
357 回天石 4 15
358 活天宝珠 4 20
359 天灵镜 4 37
360 地灵镜 4 37
361 东岳之土 4 37
362 浮雷术诀 4 20
363 浮雷秘法书 4 29
364 恶鬼盾 4 20
365 鬼王盾 4 25
366 麒麟金角 4 20
367 青龙逆鳞 4 20
368 玄武灵壳 4 20
369 白虎银牙 4 20
370 朱雀炎羽 4 20
371 人形纸符 4 20
372 人皮傀儡 4 25
373 土遁卷轴 4 20
374 暗杀卷轴 4 25
375 雷火卷轴 4 15
376 赤鬼卷轴 4 20
377 苦无卷轴 4 20
378 风魔卷轴 4 25
379 血剑诀 4 15
380 血剑秘录 4 20
381 天剑诀 4 15
382 天剑秘录 4 20
383 地龙珠 4 20
384 地龙旗 4 30
385 火龙珠 4 20
386 火龙旗 4 30
387 水龙珠 4 20
388 水龙旗 4 30
389 风龙珠 4 20
390 风龙旗 4 30
391 龙牙机关 4 18
392 龙牙解构图 4 22
393 神鎚诀 4 15
394 神鎚秘录 4 20
395 邪刃诀 4 15
396 邪刃秘录 4 20
397 祈禳术诀 4 17
398 祈禳秘法书 4 22
399 挪移术诀 4 15
400 挪移秘法书 4 20
401 化气术诀 4 18
402 移气秘法书 4 24
403 机铁神鹰图 4 20
404 幽冥军旗 4 20
405 妖狐裘 4 22
406 木屍偶 4 20
407 虎王牙链 4 22
408 机铁异龙图 4 22
409 机铁炎凰图 4 22
410 火鬼葫芦 4 20
411 饕餮凶颅 4 20
412 机铁螭虎图 4 22
413 机铁狻猊图 4 22
414 太阳幡 4 10
415 太阴幡 4 10
416 雷雨幡 4 10
417 飞雪幡 4 10
418 炼气炉 4 25
419 化气炉 4 25
420 先攻要诀 4 25
421 先攻战术 4 30
422 天时战术 4 22
423 地利战术 4 22
424 人和战术 4 22
425 御赐战鼓 4 20
426 毒舌心得 4 20
427 海螺号角 4 20
428 楚歌曲谱 4 20
429 破甲要诀 4 25
430 防御要诀 4 25
431 障碍要诀 4 25
432 行军要诀 4 25
433 暴君之首 4 30
434 蚩尤之首 4 35
435 霸王之首 4 30
436 传国玉玺 4 35
437 断路要诀 4 15
438 撤退要诀 4 15
439 鹿角要诀 4 5
440 鹿角战术 4 10
441 鹿角秘典 4 15
442 地雷要诀 4 5
443 地雷战术 4 10
444 地雷秘典 4 15
445 地钉忍法帖 4 5
446 地钉秘忍书 4 10
447 地钉里奥义 4 15
448 埋伏战术 4 15
449 埋伏秘典 4 20
450 援军战术 4 15
451 援军秘典 4 20
452 唤屍符 4 30
453 唤屍令 4 35
454 封技战术 4 20
455 封技秘典 4 25
456 饕餮之牙 4 15
457 饕餮之骨 4 20
458 饕餮之角 4 25
459 太平要术 4 35
460 遁甲天书 4 40
461 甩手短箭 4 15
462 经验宝珠 4 15
463 策反要诀 4 30
464 抚军要诀 4 25
465 石墙图卷 4 15
466 拒马图卷 4 15
467 铁盾图卷 4 15
468 破阵要诀 4 15
469 回春石 4 20
470 回春晶石 4 25
471 气疗珠 4 15
472 气疗宝珠 4 20
473 气疗金珠 4 25
474 通天镜 4 35
475 遮天帆 4 35
476 无我明镜 4 20
477 无极乾坤图 4 36
478 猛火要诀 4 5
479 猛火秘典 4 10
480 缩地要诀 4 5
481 缩地秘典 4 10
482 暗雷要诀 4 5
483 暗雷秘典 4 10
484 潜地忍法帖 4 8
485 潜地里奥义 4 12
486 侦查要诀 4 9
487 清野要诀 4 9
488 绝地镜 4 35
489 掩地帆 4 35
490 匿踪战术 4 20
491 飞火天灯 4 20
492 伪造官印 4 15
493 军令状 4 15
494 工事要诀 4 10
495 工事秘典 4 21
496 破墙要诀 4 10
497 破墙秘典 4 21
498 冲鎚概要 4 15
499 冲鎚总论 4 20
500 战车概要 4 15
501 战车总论 4 20
502 掷雷概要 4 17
503 掷雷总论 4 22
504 火铳概要 4 17
505 火铳总论 4 22
506 炮车概要 4 18
507 炮车总论 4 23
508 盾牌概要 4 8
509 盾牌总论 4 12
510 锹钁概要 4 8
511 锹钁总论 4 12
512 铁豹机关 4 15
513 铁豹结构图 4 20
514 铜人机关 4 15
515 铜人结构图 4 20
516 铁车机关 4 15
517 铁车结构图 4 20
518 冲阵破解书 4 17
519 冲阵扫荡册 4 21
520 截天机关 4 18
521 截天结构图 4 22
522 霹雳机关 4 18
523 霹雳结构图 4 22
524 八宝灵灯 4 15
525 甘露宝瓶 4 25
526 九锡宝器 4 8
527 一品紫金冠 4 10
528 狮蛮宝带 4 14
529 军师授印 4 14
530 兽面铁甲 4 12
531 铁骷髅 4 16
532 艾草香囊 4 12
533 冷箭 4 12
534 短戟 4 12
535 铜鎚 4 12
536 飞刀 4 12
537 手里剑 4 12
538 养生节录 4 14
539 静思心得 4 14
540 翔鹰羽 4 15
541 恶狼牙 4 15
542 猛牛角 4 15
543 虎面具 4 15
544 豹皮腕 4 15
545 熊骨饰 4 15
546 童子御守 4 15
547 姬御守 4 15
548 犬神玉 4 15
549 机铁木牛 4 15
550 机铁流马 4 15
551 稻草人偶 4 15
552 机铁兵令 4 15
553 攻城方略 4 20
554 强袭方略 4 20
555 防御方略 4 20
556 蒙冲船 4 20
557 行军方略 4 20
558 六韬兵书 4 20
559 真龙玄印 4 20
560 青囊书 4 20
561 机铁秘术 4 5
562 真机铁秘术 4 10
563 北斗天浆 1 25
564 玉屑金丹 1 20
565 薤叶芸香 1 25
566 琼浆玉液 1 20
567 金珠 1 15
568 无暇玉壁 1 20
569 龙纹白玉 1 25
570 四灵宝镜 1 30
571 银巨剑 2 1
572 黑巨剑 2 1
573 金巨剑 2 1
574 破城鎚 2 1
575 黄金破城鎚 2 1
576 邪刃 2 1
577 血红邪刃 2 1
578 UJ好人卡 4 20
579 尖牙鬼虎武器 2 1
580 青鳞水妖武器 2 1
581 大花豹武器 2 1
582 噬人巨熊武器 2 1
583 金甲妖龙武器 2 1
584 白狼王武器 2 1
585 血焰火蚁武器 2 1
586 先秦屍将武器 2 1
587 赤夜叉武器 2 1
588 鬼面蜘蛛武器 2 1
589 青罗刹武器 2 1
590 巨雪熊武器 2 1
591 太岁武器 2 1
592 赤蟒武器 2 1
593 黑玉妖蟒武器 2 1
594 流氓头子武器 2 1
595 沙漠土匪武器 2 1
596 土霸王武器 2 1
597 山贼王武器 2 1
598 海贼王武器 2 1
599 海贼杀手武器 2 1
600 海贼头目武器 2 1
601 山贼斧王武器 2 1
602 刀锋女煞武器 2 1
603 恶棍头头武器 2 1
604 沙漠贼王武器 2 1
605 女贼首领武器 2 1
606 山贼头子武器 2 1
607 山贼强人武器 2 1
608 蒙面大盗武器 2 1
609 鬼王董卓武器 2 1
610 祝公道武器 2 1
611 段浪武器 2 1
612 萧刃武器 2 1
613 淳于尚武器 2 1
614 卜虎武器 2 1
615 紫衣武器 2 1
616 弓骑兵兵符 1 8
617 舞娘兵符 1 8
618 龙炮兵令 1 20
619 天狗卷轴 1 9
620 巫女卷轴 1 9
621 水镜阵法书 1 15
622 妖骸 4 7
623 吸魂珠 4 24
624 飞龙玉 4 15
625 真龙印 4 25
626 锻冶心得 4 15
627 转魂秘法 4 15
628 七星幡 4 20
629 剑阵图说 4 8
630 鎚阵图说 4 8
631 盾阵图说 4 8
632 筑城总纲 4 14
633 地牙秘典 4 14
634 火楼秘典 4 14
635 刀墙秘典 4 14
636 铁盾秘典 4 14
637 通天战马 3 30
638 炼狱战马 3 30
639 金甲雄狮 3 25
640 波斯骆驼 3 8
641 鳞甲战狼 3 14
642 暹罗象 3 6
643 暹罗巨象 3 16
644 兵马俑马 3 18
645 白骨战马 3 18
646 狻猊 3 20
647 弓骑兵马 3 0
648 重弓骑兵马 3 0
649 钢剑锻造书 5 1
650 不攻锻造书 5 1
651 戟刀锻造书 5 1
652 双刃刀锻造书 5 1
653 玄铁剑锻造书 5 1
654 斩岩剑锻造书 5 1
655 明昭锻造书 5 1
656 血刃锻造书 5 1
657 邪月锻造书 5 1
658 湛卢锻造书 5 1
659 莫邪锻造书 5 1
660 青玉扇锻造书 5 1
661 劈风扇锻造书 5 1
662 剑翎扇锻造书 5 1
663 幻羽扇锻造书 5 1
664 五光扇锻造书 5 1
665 噬血扇锻造书 5 1
666 天罡扇锻造书 5 1
667 幽冥扇锻造书 5 1
668 玄冰扇锻造书 5 1
669 真火扇锻造书 5 1
670 大砍刀锻造书 5 1
671 武斩刀锻造书 5 1
672 精铁偃月刀锻造书 5 1
673 劈山斧锻造书 5 1
674 八极刀锻造书 5 1
675 焰斩刀锻造书 5 1
676 干将锻造书 5 1
677 毒龙锻造书 5 1
678 魂咬锻造书 5 1
679 雷斩刀锻造书 5 1
680 太阿锻造书 5 1
681 赤霄锻造书 5 1
682 点睛锻造书 5 1
683 灼针锻造书 5 1
684 冰芒锻造书 5 1
685 双刃戟锻造书 5 1
686 蒺藜枪锻造书 5 1
687 钩鎌枪锻造书 5 1
688 斧刃枪锻造书 5 1
689 十字枪锻造书 5 1
690 真钢枪锻造书 5 1
691 锦牙枪锻造书 5 1
692 蛇尖枪锻造书 5 1
693 虎胆枪锻造书 5 1
694 龙角叉锻造书 5 1
695 双刃月牙戟锻造书 5 1
696 应龙戟锻造书 5 1
697 神龙戈锻造书 5 1
698 神鬼方天戟锻造书 5 1
699 万胜丈八矛锻造书 5 1
700 天羽凤凰枪锻造书 5 1
701 震雷青龙戟锻造书 5 1
702 铁弓锻造书 5 1
703 精钢弓锻造书 5 1
704 绝音弓锻造书 5 1
705 破邪弓锻造书 5 1
706 神臂弓锻造书 5 1
707 白金弓锻造书 5 1
708 追星锻造书 5 1
709 连环弓锻造书 5 1
710 落月锻造书 5 1
711 射魄锻造书 5 1
712 惊雷锻造书 5 1
713 机铁火神弓锻造书 5 1
714 孔雀刺锻造书 5 1
715 精钢双戟锻造书 5 1
716 鸳鸯圈锻造书 5 1
717 乾坤圈锻造书 5 1
718 凤凰鎚锻造书 5 1
719 两仪剑锻造书 5 1
720 冰凰炎凤锻造书 5 1
721 寒铁双股剑锻造书 5 1
722 仁义无双锻造书 5 1
723 铁 4 3
724 钢 4 5
725 百炼钢 4 8
726 精钢 4 7
727 神铁 4 15
728 青铜 4 1
729 流星铁 4 12
730 火珠 4 4
731 水珠 4 4
732 仙珠 4 4
733 妖珠 4 4
734 青玉石 4 9
735 朱红石 4 9
736 黄晶石 4 9
737 紫光石 4 9
738 水妖血 4 10
739 火妖牙 4 10
740 龙骨 4 13
741 龙鳞 4 13
742 龙纹玉璧 4 11
743 阴阳玉 4 14
744 玄铁 4 12
745 百年玄铁 4 18
746 千年玄铁 4 22
747 乌钢 4 12
748 百年乌钢 4 18
749 千年乌钢 4 22
750 血晶 4 26
751 九天玄铁 4 28
752 绝地乌钢 4 28
753 夜叉角 4 20
754 百斩钢 4 14
755 穿玉 4 17
756 碎玉 4 17
757 力石 4 17
758 心石 4 17
759 魂石 4 17
760 杀气石 4 17
761 钢剑 2 3
762 不攻 2 4
763 戟刀 2 4
764 双刃刀 2 6
765 玄铁剑 2 12
766 斩岩剑 2 12
767 明昭 2 13
768 血刃 2 17
769 邪月 2 17
770 湛卢 2 20
771 莫邪 2 30
772 青玉扇 2 5
773 劈风扇 2 7
774 剑翎扇 2 9
775 幻羽扇 2 10
776 五光扇 2 13
777 噬血扇 2 16
778 天罡扇 2 17
779 幽冥扇 2 19
780 玄冰扇 2 19
781 真火扇 2 22
782 大砍刀 2 3
783 武斩刀 2 10
784 精铁偃月刀 2 12
785 劈山斧 2 14
786 八极刀 2 19
787 焰斩刀 2 25
788 干将 2 30
789 毒龙 2 13
790 魂咬 2 15
791 雷斩刀 2 30
792 太阿 2 40
793 赤霄 2 30
794 点睛 2 5
795 灼针 2 5
796 冰芒 2 8
797 双刃戟 2 8
798 蒺藜枪 2 12
799 真钢枪 2 14
800 锦牙枪 2 15
801 蛇尖枪 2 15
802 虎胆枪 2 24
803 天羽凤凰枪 2 33
804 震雷青龙戟 2 40
805 铁弓 2 1
806 精钢弓 2 5
807 绝音弓 2 9
808 追星 2 11
809 连环弓 2 14
810 落月 2 16
811 射魄 2 20
812 黄忠弓 2 22
813 惊雷 2 30
814 机铁火神弓 2 35
815 孔雀刺 2 4
816 精钢双戟 2 8
817 鸳鸯圈 2 7
818 乾坤圈 2 15
819 凤凰鎚 2 18
820 两仪剑 2 29
821 鱼肠 2 20
822 苍天帝剑 2 30
823 黄帝剑 2 40
824 追潮 2 10
825 天羽斩 2 13
826 伪帝剑 2 12
827 黯噬 2 11
828 蚀魂 2 16
829 五光宝扇 2 22
830 炼狱魔刀 2 40
831 铃鼓 2 7
832 泰山府君杖 2 40
833 奥汀多赖把 2 30
834 冻血刀 2 1
835 冻血魔刀 2 1
836 冻血封狱刀 2 1
837 冻血灭狱刀 2 1
838 祝融弓 2 1
839 祝融烈火弓 2 1
840 祝融极火弓 2 1
841 祝融焚天弓 2 1
842 芭蕉扇 2 1
843 芭蕉飓风扇 2 1
844 芭蕉龙卷扇 2 1
845 芭蕉真空扇 2 1
846 雷电枪 2 1
847 雷霆电闪枪 2 1
848 霹雳雷电枪 2 1
849 轰天雷霆枪 2 1
850 UJ玩具槌 2 35
851 天骑兵马 3 0
852 兵马俑战车马 3 0
